---
keyframes:
  - name: normal stand
    frames: 100
    joints:
      HeadYaw: 0.612831876036623
      HeadPitch: -22.4978723961327
      LHipYawPitch: 0.00240422589561831
      LHipRoll: -0.0902950983148785
      LHipPitch: -24.6072857625849
      LKneePitch: 49.8321981938704
      LAnklePitch: -24.6999850874207
      LAnkleRoll: -0.0902950983148785
      RHipYawPitch: 0.00240422589561831
      RHipRoll: 0.00240422589561831
      RHipPitch: -24.6999850874207
      RKneePitch: 49.7491294354963
      RAnklePitch: -24.7830675061728
      RAnkleRoll: 0.00240422589561831
      LShoulderPitch: -88.7682232287897
      LShoulderRoll: 8.2594171230561
      LElbowYaw: -0.79343573304434
      LElbowRoll: -1.49175425435396
      RShoulderPitch: -89.3882951051451
      RShoulderRoll: 8.17633726562491
      RElbowYaw: -0.964409023590334
      RElbowRoll: -1.93601706636553
  - name: normal stand
    frames: 10000
    joints:
      HeadYaw: 0.612831876036623
      HeadPitch: -22.4978723961327
      LHipYawPitch: 0.00240422589561831
      LHipRoll: -0.0902950983148785
      LHipPitch: -24.6072857625849
      LKneePitch: 49.8321981938704
      LAnklePitch: -24.6999850874207
      LAnkleRoll: -0.0902950983148785
      RHipYawPitch: 0.00240422589561831
      RHipRoll: 0.00240422589561831
      RHipPitch: -24.6999850874207
      RKneePitch: 49.7491294354963
      RAnklePitch: -24.7830675061728
      RAnkleRoll: 0.00240422589561831
      LShoulderPitch: -88.7682232287897
      LShoulderRoll: 8.2594171230561
      LElbowYaw: -0.79343573304434
      LElbowRoll: -1.49175425435396
      RShoulderPitch: -89.3882951051451
      RShoulderRoll: 8.17633726562491
      RElbowYaw: -0.964409023590334
      RElbowRoll: -1.93601706636553
...
